1.1326666035899908	0.09194802154908437	0.07695581356618857	0.10522802139363875	0.020206440711041548	0.08993074293526963	0.07071010452593858	-0.05443850087452021	-0.0010059747680034171	-0.10937437470926288	-0.03505398324333302	-0.03574488653115602	0.053860030619468285	-0.1195166168479889	-0.04726245296005132	-0.08274811363473712	-0.13930187442307043	-0.04661188749342413	-0.06261238166780898	-0.16467632240984956	-0.0753351186503844	-0.08671890237338929	-0.1493608244699828	-0.09531760145860116
0.09194802154908437	1.0563602638417802	0.026925880021317915	0.0521945808330733	0.02974817071730732	0.09046068374216487	0.03152310300523355	-0.06134166965036323	-0.004081793975575843	-0.09000978638993754	-0.05903467271461254	-0.05190344532642595	0.09312480316882146	-0.11379178797501521	-0.05770461139658712	-0.08616117840841576	-0.11975611014350453	-0.0511962625852837	-0.09900794555803777	-0.13875281450262492	-0.07611658115025616	-0.07752485294996798	-0.0973897605104085	-0.09726406079928744
0.07695581356618857	0.026925880021317915	1.178067792039546	0.2188264004990959	0.010807654013036174	0.03729392267870703	0.1180511924988412	-0.10245796333870073	-0.06667221254397526	-0.1383744329688258	-0.05404023265079761	-0.08366944540917043	0.04336535977262292	-0.13844638788633654	-0.07197797391460412	-0.1085118182972591	-0.12105981554103926	-0.05651082097151956	-0.09514980587712808	-0.15164018409386254	-0.07381624024921797	-0.08095119230410049	-0.13570497711341784	-0.13677428855242424
0.10522802139363875	0.0521945808330733	0.2188264004990959	1.1358529794382626	0.03314299984365754	0.10237129913186258	0.13083259062859504	-0.1087000376899793	-0.07027202281222668	-0.1400547793968437	-0.06208157826657346	-0.07458532440076855	0.0711613473661003	-0.14528822989472504	-0.061937699395567626	-0.09453650982036181	-0.1423166595767727	-0.05565388827728561	-0.11195829299276502	-0.19396255473298876	-0.051284052579100396	-0.10702889037937618	-0.15563488164783776	-0.12667437302124335
0.020206440711041548	0.02974817071730732	0.010807654013036174	0.03314299984365754	1.0322165142563118	0.07479776483097245	0.08280077684343545	-0.05436520778313555	-0.04063478479250009	-0.09812184116458737	-0.06999294028756038	-0.061997325710381364	0.044421851342701456	-0.08570605356725934	-0.030791214843045707	-0.07996729583141599	-0.12528810348239877	-0.06398414440825047	-0.08546541179307963	-0.1298470341448088	-0.0789689951196111	-0.06052291206271082	-0.11538362210758461	-0.079769384930731
0.08993074293526963	0.09046068374216487	0.03729392267870703	0.10237129913186258	0.07479776483097245	1.0669334961749226	0.10050342157022792	-0.05694207643827414	-0.034357186411128865	-0.10446767748349925	-0.055758967208956366	-0.03231215314459842	0.03267995716690764	-0.09700925887277743	-0.04837575978295004	-0.07174865297720104	-0.10149010332870351	-0.05473760928380821	-0.0754910804693365	-0.15002922338695576	-0.060996901845062595	-0.07811964856073822	-0.13419272195058385	-0.08463207659815068
0.07071010452593858	0.03152310300523355	0.1180511924988412	0.13083259062859504	0.08280077684343545	0.10050342157022792	1.090517315461233	-0.05748603606469935	-0.07137829945980192	-0.12758203158702286	-0.07001567846265762	-0.0868569811527974	0.02665709543541815	-0.11635938869936187	-0.05784551321598541	-0.12387880523955525	-0.1297386501916179	-0.04954054410293713	-0.10334491753637876	-0.1674424068112348	-0.06943417643064384	-0.08229926617242232	-0.13080429297023125	-0.10865347661957017
-0.05443850087452021	-0.06134166965036323	-0.10245796333870073	-0.1087000376899793	-0.05436520778313555	-0.05694207643827414	-0.05748603606469935	1.0236745857371665	-0.02198313664718321	-0.044862351173868165	-0.010919801317011401	0.024126102186263015	-0.020795178978381984	-0.03318736088389776	0.0012754876954387778	-0.042423215577283124	-0.026843401933292148	-0.054860136993275264	-0.03054339836232063	-0.05624813075909469	-0.05900845935473429	-0.04196864551036503	-0.041407142657280245	-0.054965262436174875
-0.0010059747680034171	-0.004081793975575843	-0.06667221254397526	-0.07027202281222668	-0.04063478479250009	-0.034357186411128865	-0.07137829945980192	-0.02198313664718321	1.0113782423017266	-0.05657080022277483	0.06949722848891876	0.001871834535457075	-0.06373112354355871	-0.06095105313782775	0.07011200982792727	-0.077361421531323	-0.08919091909301556	-0.03375228941248258	-0.06369887084899509	-0.08382191410168245	-0.06415712011589027	-0.06134106826934326	-0.04303336183876548	-0.054842881529454816
-0.10937437470926288	-0.09000978638993754	-0.1383744329688258	-0.1400547793968437	-0.09812184116458737	-0.10446767748349925	-0.12758203158702286	-0.044862351173868165	-0.05657080022277483	0.971511226958763	-0.06200282221005838	-0.030031907963266543	-0.0971637455327629	0.44741301982311704	-0.06479691449968608	-0.06951116944908046	-0.04897845022402494	0.002967998927571504	-0.041285832160909745	0.02241902863908091	-0.09927439499046267	-0.06489019894237809	0.04735312885813165	-0.028724516299338008
-0.03505398324333302	-0.05903467271461254	-0.05404023265079761	-0.06208157826657346	-0.06999294028756038	-0.055758967208956366	-0.07001567846265762	-0.010919801317011401	0.06949722848891876	-0.06200282221005838	0.9264907976877896	0.03748623393830636	-0.06368305282403415	-0.032902525157525855	-0.0388433086189714	-0.06546410703168722	-0.05451451769235537	-0.03617890384128429	-0.019040816217833312	-0.05101561508079308	-0.04607353952700658	-0.04959270353717181	-0.028154905347252977	-0.05094609267673799
-0.03574488653115602	-0.05190344532642595	-0.08366944540917043	-0.07458532440076855	-0.061997325710381364	-0.03231215314459842	-0.0868569811527974	0.024126102186263015	0.001871834535457075	-0.030031907963266543	0.03748623393830636	0.9658939650890933	-0.07966661075719603	-0.03652410790283147	-0.0024799165311756603	-0.053236334181411514	-0.0404400552100352	-0.041796593052027875	-0.045603806526123815	-0.07389244853412143	-0.05481746395648346	-0.034818373366215856	-0.07635270276337905	-0.021068281191506315
0.053860030619468285	0.09312480316882146	0.04336535977262292	0.0711613473661003	0.044421851342701456	0.03267995716690764	0.02665709543541815	-0.020795178978381984	-0.06373112354355871	-0.0971637455327629	-0.06368305282403415	-0.07966661075719603	1.0117983856234414	-0.06037740728719436	-0.06184716364678797	-0.07344194789603851	-0.09787595603294548	-0.03770334804159499	-0.10938847796057048	-0.13823201499208587	-0.07030440828720538	-0.08968623102344056	-0.12556472148400885	-0.10995949225297427
-0.1195166168479889	-0.11379178797501521	-0.13844638788633654	-0.14528822989472504	-0.08570605356725934	-0.09700925887277743	-0.11635938869936187	-0.03318736088389776	-0.06095105313782775	0.44741301982311704	-0.032902525157525855	-0.03652410790283147	-0.06037740728719436	0.9651772146539034	-0.0739472497204889	-0.06371731733537553	-0.06495501947336885	0.001910264825596222	-0.04747604394058792	0.008567264261216394	-0.09576090491299857	-0.07185439537348817	0.06584479779997231	-0.06486837468084954
-0.04726245296005132	-0.05770461139658712	-0.07197797391460412	-0.061937699395567626	-0.030791214843045707	-0.04837575978295004	-0.05784551321598541	0.0012754876954387778	0.07011200982792727	-0.06479691449968608	-0.0388433086189714	-0.0024799165311756603	-0.06184716364678797	-0.0739472497204889	0.9821274866416397	-0.05587055810838001	-0.04614565924650049	-0.043379926836145215	-0.045180479848110196	-0.06460813494847634	-0.04840874101255162	-0.030670244462712437	-0.056477373498401824	-0.025712645372187613
-0.08274811363473712	-0.08616117840841576	-0.1085118182972591	-0.09453650982036181	-0.07996729583141599	-0.07174865297720104	-0.12387880523955525	-0.042423215577283124	-0.077361421531323	-0.06951116944908046	-0.06546410703168722	-0.053236334181411514	-0.07344194789603851	-0.06371731733537553	-0.05587055810838001	0.9254406990194052	0.023943684116442595	-0.053278698136225405	0.022346524544283215	0.008597472793835409	0.17463914442804995	0.04230220018094282	-0.03142954139696574	0.07961172634175812
-0.13930187442307043	-0.11975611014350453	-0.12105981554103926	-0.1423166595767727	-0.12528810348239877	-0.10149010332870351	-0.1297386501916179	-0.026843401933292148	-0.08919091909301556	-0.04897845022402494	-0.05451451769235537	-0.0404400552100352	-0.09787595603294548	-0.06495501947336885	-0.04614565924650049	0.023943684116442595	0.9575894207725443	-0.06437743478020962	0.04840131899345385	0.36781741402903934	-0.001687078887198364	0.026870590967109486	-0.04017410060385577	0.03894826363950805
-0.04661188749342413	-0.0511962625852837	-0.05651082097151956	-0.05565388827728561	-0.06398414440825047	-0.05473760928380821	-0.04954054410293713	-0.054860136993275264	-0.03375228941248258	0.002967998927571504	-0.03617890384128429	-0.041796593052027875	-0.03770334804159499	0.001910264825596222	-0.043379926836145215	-0.053278698136225405	-0.06437743478020962	0.9500422802415771	-0.03219516568942598	-0.0478069664620672	-0.04552812216756375	-0.01547573245495062	0.020888696526297146	-0.02840403707763235
-0.06261238166780898	-0.09900794555803777	-0.09514980587712808	-0.11195829299276502	-0.08546541179307963	-0.0754910804693365	-0.10334491753637876	-0.03054339836232063	-0.06369887084899509	-0.041285832160909745	-0.019040816217833312	-0.045603806526123815	-0.10938847796057048	-0.04747604394058792	-0.045180479848110196	0.022346524544283215	0.04840131899345385	-0.03219516568942598	0.984265466120035	-0.0024787176612611666	0.03254734914580663	0.007442089873294825	-0.03130304800088819	0.05049018553455847
-0.16467632240984956	-0.13875281450262492	-0.15164018409386254	-0.19396255473298876	-0.1298470341448088	-0.15002922338695576	-0.1674424068112348	-0.05624813075909469	-0.08382191410168245	0.02241902863908091	-0.05101561508079308	-0.07389244853412143	-0.13823201499208587	0.008567264261216394	-0.06460813494847634	0.008597472793835409	0.36781741402903934	-0.0478069664620672	-0.0024787176612611666	0.9114784908213173	-0.0588625876313081	-0.0024834258962874935	0.38751233243332944	0.0002250690280975043
-0.0753351186503844	-0.07611658115025616	-0.07381624024921797	-0.051284052579100396	-0.0789689951196111	-0.060996901845062595	-0.06943417643064384	-0.05900845935473429	-0.06415712011589027	-0.09927439499046267	-0.04607353952700658	-0.05481746395648346	-0.07030440828720538	-0.09576090491299857	-0.04840874101255162	0.17463914442804995	-0.001687078887198364	-0.04552812216756375	0.03254734914580663	-0.0588625876313081	0.9429417936274649	0.055057734863011625	-0.059999300515593185	0.05605111674719206
-0.08671890237338929	-0.07752485294996798	-0.08095119230410049	-0.10702889037937618	-0.06052291206271082	-0.07811964856073822	-0.08229926617242232	-0.04196864551036503	-0.06134106826934326	-0.06489019894237809	-0.04959270353717181	-0.034818373366215856	-0.08968623102344056	-0.07185439537348817	-0.030670244462712437	0.04230220018094282	0.026870590967109486	-0.01547573245495062	0.007442089873294825	-0.0024834258962874935	0.055057734863011625	0.9502558729174175	-0.033895945987914615	0.043566802845165745
-0.1493608244699828	-0.0973897605104085	-0.13570497711341784	-0.15563488164783776	-0.11538362210758461	-0.13419272195058385	-0.13080429297023125	-0.041407142657280245	-0.04303336183876548	0.04735312885813165	-0.028154905347252977	-0.07635270276337905	-0.12556472148400885	0.06584479779997231	-0.056477373498401824	-0.03142954139696574	-0.04017410060385577	0.020888696526297146	-0.03130304800088819	0.38751233243332944	-0.059999300515593185	-0.033895945987914615	0.9905415032495997	-0.02533447412705401
-0.09531760145860116	-0.09726406079928744	-0.13677428855242424	-0.12667437302124335	-0.079769384930731	-0.08463207659815068	-0.10865347661957017	-0.054965262436174875	-0.054842881529454816	-0.028724516299338008	-0.05094609267673799	-0.021068281191506315	-0.10995949225297427	-0.06486837468084954	-0.025712645372187613	0.07961172634175812	0.03894826363950805	-0.02840403707763235	0.05049018553455847	0.0002250690280975043	0.05605111674719206	0.043566802845165745	-0.02533447412705401	0.9593639294670435
