1.2115832863712868	0.05309238477614738	0.0018160206230210978	0.05737707496826939	0.027653978418815697	-0.029760265854938614	0.014452768554102048	-0.047006047178585725	-0.06936235608895099	-0.050529976799763086	-0.03938283951189098	-0.028699954648186914	-0.05214209655593581	-0.08808913060494673	-0.1039432721431273	-0.09244914359132402	-0.10991050339193692	-0.11054691326202377	-0.08130374129919991	-0.10482140367244223	-0.08285041389149925	-0.0268055168979889	-0.04639217779205091	-0.07999854101602528	-0.06508339123910095
0.05309238477614738	1.4750996857370964	0.28289824990799695	0.06773762954042635	0.3088288104762362	0.28829471989054584	0.28771379813684217	-0.10383185231507291	-0.10574849870951412	-0.10638383058310463	-0.10661032344625992	-0.10517958098092187	-0.16199737442865175	-0.17443603308409122	-0.14858242194478546	-0.14422625606347644	-0.1629868416287077	-0.1804960318262126	-0.14963964357950654	-0.15000823805174274	-0.13664783643751272	-0.09867838521881787	-0.11972938246034227	-0.1275001142008889	-0.12070107401318979
0.0018160206230210978	0.28289824990799695	1.9221193515494672	-0.026415462324284364	0.4934513286006396	0.6462608238224347	0.7134707674007009	-0.18163015235134364	-0.1756781220435946	-0.18659886648460133	-0.20160152864854686	-0.18448672379885367	-0.25712231127571067	-0.26690526145593524	-0.24000204888756727	-0.24516691391103518	-0.22503228853979343	-0.263009364086772	-0.23028359828877648	-0.22999510681524524	-0.22679089370953753	-0.19383202469882968	-0.19919707781720106	-0.20470593644658716	-0.19409624307673887
0.05737707496826939	0.06773762954042635	-0.026415462324284364	1.121380122943207	0.005023603344408301	-0.008909033586574534	-0.023787091077331166	-0.0049886291930867025	-0.038453900736268753	-0.04575849855550826	-0.04457710677987261	-0.024394183504841963	-0.07034475728360536	-0.08842122883328589	-0.0763456625563366	-0.07668804946961233	-0.08601063310949789	-0.09870417518847487	-0.045263984120453946	-0.08059706269700322	-0.09000758268969981	-0.0387994157234159	-0.05898647102488935	-0.05892740692510793	-0.05928793389525338
0.027653978418815697	0.3088288104762362	0.4934513286006396	0.005023603344408301	1.7335985747557359	0.5251257198150358	0.5455802525168846	-0.15184230708515986	-0.15875599162018889	-0.16500049180135584	-0.1580607446853308	-0.16500112938905115	-0.22702913998822807	-0.23493478853447053	-0.2335697986485338	-0.19628882966001937	-0.2125421968972143	-0.2360732739683475	-0.21640955351706315	-0.21195307119666454	-0.20253308965063424	-0.17854077109020833	-0.17120010560608534	-0.16969204342281624	-0.18699019976968248
-0.029760265854938614	0.28829471989054584	0.6462608238224347	-0.008909033586574534	0.5251257198150358	1.8928402264658764	0.6861894714493251	-0.17008756321109603	-0.18448277615901587	-0.18808096217228193	-0.18590307090231756	-0.1771117003166949	-0.24258224597202938	-0.2551254025168064	-0.2501490046959061	-0.22971474318669124	-0.23084564985283723	-0.24857958489942833	-0.23733206269211116	-0.23767338029419482	-0.2364551308097729	-0.1808827238658509	-0.20417184435090086	-0.20436465225467554	-0.19820882669585105
0.014452768554102048	0.28771379813684217	0.7134707674007009	-0.023787091077331166	0.5455802525168846	0.6861894714493251	1.992663825676828	-0.19288069688801723	-0.19676770508375974	-0.18759212978192077	-0.19285691102772903	-0.19741937993126918	-0.2520348311842598	-0.26933496757746306	-0.2596106621782984	-0.23735705242112487	-0.2545356402843808	-0.26150502329648484	-0.2459166410828689	-0.2454819809092274	-0.23875348228532245	-0.18955230954000674	-0.21774577740946582	-0.2091637340966962	-0.2244432328745817
-0.047006047178585725	-0.10383185231507291	-0.18163015235134364	-0.0049886291930867025	-0.15184230708515986	-0.17008756321109603	-0.19288069688801723	0.9085390842898493	0.029963599089699422	0.06741583748446216	0.06239876996733005	2.891609202007583e-05	-0.03249681932777885	-0.005630650318490805	0.008060974799779564	-0.025263994297134395	-0.08511828485929926	-0.03222005362648622	-0.027898000386596206	-0.008768731851646587	0.03678212642009267	-0.03315551377423416	-0.054563974122724214	0.02926791385175765	0.061952471505188796
-0.06936235608895099	-0.10574849870951412	-0.1756781220435946	-0.038453900736268753	-0.15875599162018889	-0.18448277615901587	-0.19676770508375974	0.029963599089699422	0.8995143650909383	-0.007716567155085784	-0.00494619543809278	-0.02609542987291544	-0.04538437136201589	-0.026702334229151692	0.01669753318190138	-0.027709857537485	0.027826763866525304	0.00015820443026156938	0.01537683040010931	-0.011941518737878846	0.035284067210625394	-0.07685759984627034	-0.016316646976362786	0.17645530606145338	0.010328964388311296
-0.050529976799763086	-0.10638383058310463	-0.18659886648460133	-0.04575849855550826	-0.16500049180135584	-0.18808096217228193	-0.18759212978192077	0.06741583748446216	-0.007716567155085784	0.8985453818275145	0.05875935651171416	0.04745043490624354	-0.031572469656900595	0.005909765545371271	0.02659806105111233	-0.025163495034883725	-0.019405666741053946	0.0011227402373340943	-0.017560903176383806	0.022938415184653414	-0.006765861548862984	-0.020649504371749457	0.01587796803308374	0.011934821614168804	0.016482620821880876
-0.03938283951189098	-0.10661032344625992	-0.20160152864854686	-0.04457710677987261	-0.1580607446853308	-0.18590307090231756	-0.19285691102772903	0.06239876996733005	-0.00494619543809278	0.05875935651171416	0.8075936402710456	0.10149735893595796	-0.041393934803346376	-0.030780963531902194	0.010428332547754738	-0.029820424309978315	-0.005493508956706267	-0.03226839511112658	-0.004081968316212031	0.011260729977182332	-0.01837969344656439	-0.0020386464116140084	0.08343694543111643	-0.02128334602869521	0.0005821464505196379
-0.028699954648186914	-0.10517958098092187	-0.18448672379885367	-0.024394183504841963	-0.16500112938905115	-0.1771117003166949	-0.19741937993126918	2.891609202007583e-05	-0.02609542987291544	0.04745043490624354	0.10149735893595796	0.8596222244419531	-0.008365397584084826	-0.0008174485218931353	-0.02018744948874901	-0.04047748678636766	-0.030358336518150703	0.00901420773214605	0.009266207072996982	-0.03740860034530488	-0.00986880552526043	0.035098983235095145	0.05179994428359547	-0.02313575227002936	-0.025074398885474473
-0.05214209655593581	-0.16199737442865175	-0.25712231127571067	-0.07034475728360536	-0.22702913998822807	-0.24258224597202938	-0.2520348311842598	-0.03249681932777885	-0.04538437136201589	-0.031572469656900595	-0.041393934803346376	-0.008365397584084826	0.832893174743785	0.18460982614666774	0.035427578364562194	0.18703926562507678	0.008217718781661304	0.06898546557952626	0.055784597701421273	0.04845982063810464	0.03367617640398008	0.02622285455302626	-0.009286575086342355	-0.026277172997257684	-0.004606400893578005
-0.08808913060494673	-0.17443603308409122	-0.26690526145593524	-0.08842122883328589	-0.23493478853447053	-0.2551254025168064	-0.26933496757746306	-0.005630650318490805	-0.026702334229151692	0.005909765545371271	-0.030780963531902194	-0.0008174485218931353	0.18460982614666774	0.8064012356537916	0.03329786148829449	0.20278674751195974	-0.0008354321090369997	0.06595076045566933	0.05102865433481838	0.01593523085781657	0.05548621351694473	0.03275497755921369	-0.002810098138044045	0.030752865441064783	-0.02339642005082236
-0.1039432721431273	-0.14858242194478546	-0.24000204888756727	-0.0763456625563366	-0.2335697986485338	-0.2501490046959061	-0.2596106621782984	0.008060974799779564	0.01669753318190138	0.02659806105111233	0.010428332547754738	-0.02018744948874901	0.035427578364562194	0.03329786148829449	0.810472814094323	0.04608886511190893	0.0396660399172497	0.05995434110898744	0.04116054986840434	0.08180868423926249	0.05746598921959426	0.02342300643262577	-0.010901900943210049	0.04724543624516218	0.020763640440259978
-0.09244914359132402	-0.14422625606347644	-0.24516691391103518	-0.07668804946961233	-0.19628882966001937	-0.22971474318669124	-0.23735705242112487	-0.025263994297134395	-0.027709857537485	-0.025163495034883725	-0.029820424309978315	-0.04047748678636766	0.18703926562507678	0.20278674751195974	0.04608886511190893	0.7863438085591115	0.014657856189344644	0.027489383901312392	0.03478410981463703	0.032381263970636905	0.0433755964362785	0.0008128072477665994	0.0026409737087355234	0.015136529110513084	-0.0040345774648536505
-0.10991050339193692	-0.1629868416287077	-0.22503228853979343	-0.08601063310949789	-0.2125421968972143	-0.23084564985283723	-0.2545356402843808	-0.08511828485929926	0.027826763866525304	-0.019405666741053946	-0.005493508956706267	-0.030358336518150703	0.008217718781661304	-0.0008354321090369997	0.0396660399172497	0.014657856189344644	0.8284542191102878	0.2673029641723582	0.062110472039078796	0.05009902396769166	0.026417623801576764	0.03796986541486184	0.024211822617421743	0.003460841860550728	0.04719194566072518
-0.11054691326202377	-0.1804960318262126	-0.263009364086772	-0.09870417518847487	-0.2360732739683475	-0.24857958489942833	-0.26150502329648484	-0.03222005362648622	0.00015820443026156938	0.0011227402373340943	-0.03226839511112658	0.00901420773214605	0.06898546557952626	0.06595076045566933	0.05995434110898744	0.027489383901312392	0.2673029641723582	0.795929488229484	0.047109460881546626	0.06655569736633983	0.030533243438790488	0.010918237105055253	0.004115348190483715	-0.0036042206743023024	0.025497129325313537
-0.08130374129919991	-0.14963964357950654	-0.23028359828877648	-0.045263984120453946	-0.21640955351706315	-0.23733206269211116	-0.2459166410828689	-0.027898000386596206	0.01537683040010931	-0.017560903176383806	-0.004081968316212031	0.009266207072996982	0.055784597701421273	0.05102865433481838	0.04116054986840434	0.03478410981463703	0.062110472039078796	0.047109460881546626	0.8106459920327677	0.057294674078221426	0.03996186780923721	0.00477533311143608	0.03362776840096954	0.01633160012702532	-0.0010574157251815675
-0.10482140367244223	-0.15000823805174274	-0.22999510681524524	-0.08059706269700322	-0.21195307119666454	-0.23767338029419482	-0.2454819809092274	-0.008768731851646587	-0.011941518737878846	0.022938415184653414	0.011260729977182332	-0.03740860034530488	0.04845982063810464	0.01593523085781657	0.08180868423926249	0.032381263970636905	0.05009902396769166	0.06655569736633983	0.057294674078221426	0.8087464046744592	0.04500128314970722	0.005168247071410924	0.03395354176106492	-0.02582824604864559	0.08067287137669657
-0.08285041389149925	-0.13664783643751272	-0.22679089370953753	-0.09000758268969981	-0.20253308965063424	-0.2364551308097729	-0.23875348228532245	0.03678212642009267	0.035284067210625394	-0.006765861548862984	-0.01837969344656439	-0.00986880552526043	0.03367617640398008	0.05548621351694473	0.05746598921959426	0.0433755964362785	0.026417623801576764	0.030533243438790488	0.03996186780923721	0.04500128314970722	0.8471100848860978	-0.012868718319329356	-0.014276969964313909	0.04158838468233274	0.001820378545101527
-0.0268055168979889	-0.09867838521881787	-0.19383202469882968	-0.0387994157234159	-0.17854077109020833	-0.1808827238658509	-0.18955230954000674	-0.03315551377423416	-0.07685759984627034	-0.020649504371749457	-0.0020386464116140084	0.035098983235095145	0.02622285455302626	0.03275497755921369	0.02342300643262577	0.0008128072477665994	0.03796986541486184	0.010918237105055253	0.00477533311143608	0.005168247071410924	-0.012868718319329356	0.9183342384554047	0.04311713312043047	-0.021772592522728902	-0.01284686339084884
-0.04639217779205091	-0.11972938246034227	-0.19919707781720106	-0.05898647102488935	-0.17120010560608534	-0.20417184435090086	-0.21774577740946582	-0.054563974122724214	-0.016316646976362786	0.01587796803308374	0.08343694543111643	0.05179994428359547	-0.009286575086342355	-0.002810098138044045	-0.010901900943210049	0.0026409737087355234	0.024211822617421743	0.004115348190483715	0.03362776840096954	0.03395354176106492	-0.014276969964313909	0.04311713312043047	0.8701199129081988	-0.011372116934434271	0.013072905023787978
-0.07999854101602528	-0.1275001142008889	-0.20470593644658716	-0.05892740692510793	-0.16969204342281624	-0.20436465225467554	-0.2091637340966962	0.02926791385175765	0.17645530606145338	0.011934821614168804	-0.02128334602869521	-0.02313575227002936	-0.026277172997257684	0.030752865441064783	0.04724543624516218	0.015136529110513084	0.003460841860550728	-0.0036042206743023024	0.01633160012702532	-0.02582824604864559	0.04158838468233274	-0.021772592522728902	-0.011372116934434271	0.841854188056486	0.010827482885627742
-0.06508339123910095	-0.12070107401318979	-0.19409624307673887	-0.05928793389525338	-0.18699019976968248	-0.19820882669585105	-0.2244432328745817	0.061952471505188796	0.010328964388311296	0.016482620821880876	0.0005821464505196379	-0.025074398885474473	-0.004606400893578005	-0.02339642005082236	0.020763640440259978	-0.0040345774648536505	0.04719194566072518	0.025497129325313537	-0.0010574157251815675	0.08067287137669657	0.001820378545101527	-0.01284686339084884	0.013072905023787978	0.010827482885627742	0.8736908660402396
