1.034921069251469	-0.28139502775212305	-0.29497214126521765	-0.30756294123618166	-0.2962182225007832	-0.31283709129987486	-0.27826269234432227	-0.300681307255677	-0.31751670669081955	-0.29742566234219664	-0.31185219627885724	-0.3129671683721973	-0.3102123027806574	0.297552915475252	0.27064694396336625	0.31444550830157875	0.27780995046379303	0.24380139963783426	0.26828542544765227	0.2625862462947127	0.2513977068672566	0.2562235117655539	0.2731616451729638	-0.305812706874602	-0.31733255526558285	-0.3071539766882044	0.27801791241540547	0.25382063365204666	0.2313609132749973	0.22638009595295644	0.22790730949702923	0.21922466603434598	0.21516837170048808	0.2344908671504188	0.22406598197169125	0.23909114995555628	0.2707720902990724	0.26471067405932425	0.24213969904048308	-0.30595022034955893	-0.3120027634494419	-0.3014171246306926	-0.3083861090955834	-0.3067183212323296	-0.3050777430088704	-0.3004792646515579	-0.30910546313023746	-0.3034824995413306	0.25178185692706995
-0.28139502775212305	1.4438270668443747	0.36644904313768517	0.3973657582335317	0.41318744752952646	0.3323685515315533	0.3628327656846528	0.3786101005657973	0.2658719035223181	0.299955529276727	0.20191599007045297	0.2799866853228002	0.2805982556747916	-0.246476840882368	-0.24582145801914354	-0.24670157023721007	-0.24233647392778418	-0.24065020414458507	-0.24256518280885653	-0.280905156322433	-0.2907440804438664	-0.28484210807265564	-0.29460801914907625	0.3687761992080415	0.19995442504268954	0.26895242097261224	-0.2953243588545914	-0.2915477101790726	-0.2957867831844696	-0.2946991441959668	-0.29496341616989397	-0.29583091735049755	-0.29686450322746666	-0.2915675677567101	-0.2949517190327372	-0.2975789559758196	-0.29894480355042385	-0.301304992822147	-0.30219010774793764	0.22413079954176962	0.169001838929091	0.2510117128310463	0.24133492385783262	0.13147334153440451	0.23048647056674318	0.21073787360740487	0.14748912537041586	0.20046083760795783	-0.3002835143162692
-0.29497214126521765	0.36644904313768517	1.3890243015749697	0.3547715856581145	0.3633483699976609	0.35390446241264406	0.3680869602315995	0.34909836925741583	0.2740123843419644	0.3078160178568236	0.23627565727863203	0.27236633634892826	0.2772026212679151	-0.25680830040846464	-0.2614044279894156	-0.25542397716102183	-0.25461303387842493	-0.24844731214962607	-0.2514106205952657	-0.2895230973635808	-0.2989981025258857	-0.2973987703519118	-0.3065749494064549	0.4191633777123766	0.21783260502483098	0.26457930756785036	-0.3070920069153786	-0.30385827677746996	-0.3063392647054134	-0.30658254414934444	-0.3069952263400199	-0.3079024599858811	-0.3048643503653129	-0.30288087370258576	-0.3055205701514053	-0.30488638917369054	-0.3109888454550867	-0.31373605469770227	-0.31528939175559734	0.23068823068410424	0.2018189079244129	0.25886056301348237	0.2165058975730913	0.17049897252548288	0.24077410322434395	0.2327038972445496	0.22041085689256792	0.22029727273768998	-0.3140996197138218
-0.30756294123618166	0.3973657582335317	0.3547715856581145	1.5752542044172808	0.5604537965863784	0.3551797927639608	0.35862635710867996	0.4563539224263717	0.24457650083219395	0.26729768375591745	0.19593604704633083	0.2918725510177934	0.2550775094525393	-0.28466994635657483	-0.27464013930406117	-0.3089524027703578	-0.27903054896407825	-0.2689317370017981	-0.2707103733269301	-0.3151296521089909	-0.3189253592040189	-0.31731849293261716	-0.317489802430737	0.39096845247970236	0.19722174878482107	0.26927839323733976	-0.3202655234087619	-0.31165839973647586	-0.31404297004589105	-0.3152220191807747	-0.3155414941277471	-0.31867868841703945	-0.3159853576241729	-0.3146348965594941	-0.31543743913928796	-0.31520697708818884	-0.32299158479160417	-0.32093237833210236	-0.3223515056342771	0.21857955688208258	0.20181570459093928	0.26816976663474246	0.2298537067751094	0.15885635849322285	0.259799961808905	0.23037164132735885	0.1860396611967476	0.18608520599148967	-0.32207138804567426
-0.2962182225007832	0.41318744752952646	0.3633483699976609	0.5604537965863784	1.4952191488474431	0.36923531621825034	0.41302138477726	0.4592704249119332	0.2251702243977723	0.25168412743011503	0.18107482048763981	0.2703617984821634	0.25449597403650914	-0.27197600849144654	-0.2637025089416151	-0.29292214029145824	-0.25738582005185684	-0.26019114892613515	-0.26472988343824255	-0.30146769891181224	-0.30847367018257965	-0.30225734739955634	-0.3064771116986333	0.4012026890943849	0.18175789419106847	0.2676442265494031	-0.31161834288400386	-0.3047272838217875	-0.3076917942187897	-0.30870358297898787	-0.306053082158115	-0.30583051754029045	-0.3068960531625201	-0.3040018343923455	-0.3074612391740532	-0.30723304870911455	-0.31138322660667894	-0.3141000731386804	-0.3160738159541208	0.2199268504753875	0.17712945574599848	0.2512294537780009	0.2015907789350174	0.11213460416638861	0.268263853415151	0.20728978647644192	0.15148195955538865	0.18605094682334758	-0.31093176450476817
-0.31283709129987486	0.3323685515315533	0.35390446241264406	0.3551797927639608	0.36923531621825034	1.440254932829173	0.38853289461343943	0.42213570252541655	0.29744351830381577	0.28614661282740855	0.23908474321138265	0.2707959625044099	0.2847265567279792	-0.2910619295530471	-0.27686012308635094	-0.31336956051580517	-0.2760605306491422	-0.2762802042345424	-0.2773528410705354	-0.3134215119735479	-0.32058866308531486	-0.31814818659937333	-0.32226464837290064	0.39407524382154946	0.26340797275583067	0.30764646558888886	-0.3219414417991068	-0.312506563128194	-0.3162478541971613	-0.31405376673711516	-0.3160059452808099	-0.31762196686022	-0.3176434716406179	-0.31378519795677945	-0.3162021148346699	-0.3162981306825837	-0.320830053022959	-0.32658691127591133	-0.32187981633326695	0.2535082957230084	0.20743118045478132	0.26474649523477856	0.24140197326464205	0.18833554643080028	0.250773684602527	0.2615190550646732	0.208967857519479	0.24180352131570967	-0.32314288416502895
-0.27826269234432227	0.3628327656846528	0.3680869602315995	0.35862635710867996	0.41302138477726	0.38853289461343943	1.3946064440597081	0.4063475108901531	0.25953778238921943	0.2650233394531347	0.20255796951874033	0.2561744297206282	0.2819588415225923	-0.25167468842205276	-0.2576358778339327	-0.2620688762800568	-0.24841410630128336	-0.24632774738478602	-0.25021173029353816	-0.28138259225865736	-0.288079613463447	-0.28465181423349817	-0.2902535576846766	0.34077336997488766	0.21677013424185523	0.25878062706628624	-0.29276117771637694	-0.28552864583663456	-0.286907196560517	-0.28717709730527263	-0.2878884886311707	-0.2885340792759535	-0.2886440648955794	-0.2855010171705316	-0.2886632387969781	-0.28900063625060995	-0.2911762347941253	-0.29482740042365824	-0.29711373589197665	0.22799057797171562	0.20496396306613884	0.23404664485520038	0.2189769714038911	0.13809491116998782	0.24370359592090826	0.21248426411432567	0.1571053441314635	0.21133514991052751	-0.29469288922604586
-0.300681307255677	0.3786101005657973	0.34909836925741583	0.4563539224263717	0.4592704249119332	0.42213570252541655	0.4063475108901531	1.4743072945506985	0.280790760648883	0.25241764213568585	0.19847615898282578	0.2729653356991913	0.253598340462645	-0.2765368574579596	-0.267319121210396	-0.3001977648671786	-0.26585948755148064	-0.2674131097006971	-0.2617268358148174	-0.3077506939019495	-0.3173874775167068	-0.30987683675357247	-0.31360430047253063	0.3641521988081064	0.2216880609637622	0.2644732429893051	-0.31448604534904895	-0.3089161581914351	-0.31097206395050825	-0.31273083806214425	-0.31224000145556646	-0.31112112954294324	-0.3116941604997715	-0.3076831369434014	-0.3120713908421546	-0.31098990764133677	-0.3165952316357997	-0.31600279972546513	-0.320524295682446	0.1996943094288338	0.1938617403374008	0.2665224057022346	0.21221775597995476	0.14564979789825086	0.25324650960935013	0.23292636124808455	0.1914532293320696	0.2107539723860846	-0.31937927046017545
-0.31751670669081955	0.2658719035223181	0.2740123843419644	0.24457650083219395	0.2251702243977723	0.29744351830381577	0.25953778238921943	0.280790760648883	1.48393006026147	0.3096452465271748	0.3019296392685215	0.3285758165204725	0.37562999596368457	-0.29340200231426633	-0.27619496976036084	-0.30891755709262586	-0.27989041792432956	-0.27320865151760776	-0.2723328697640038	-0.3238939586753104	-0.32539558332201185	-0.3272738810549324	-0.33006346161700917	0.3240818375308669	0.32134114886836607	0.3483702803840333	-0.3283359335475584	-0.32155532473645754	-0.32426923279670133	-0.3230876986128405	-0.3214299999042284	-0.32326167212188595	-0.3212171218957073	-0.3210048466020162	-0.32186427508686427	-0.32178578084212	-0.32728880315272113	-0.33189894464570935	-0.33242195656346385	0.29527524109463077	0.317733375013934	0.265933059402347	0.30377867111170603	0.2766784180270779	0.2680214791100967	0.2841319739233572	0.29300758636589985	0.2728839854395315	-0.32979892520303683
-0.29742566234219664	0.299955529276727	0.3078160178568236	0.26729768375591745	0.25168412743011503	0.28614661282740855	0.2650233394531347	0.25241764213568585	0.3096452465271748	1.404569011923011	0.26706971606599283	0.3998815986171052	0.33368571764372906	-0.2715455540152028	-0.26406439988686364	-0.2884387155199386	-0.259797713985001	-0.25859868139811687	-0.2545908785924354	-0.3027217525663301	-0.3060296158913732	-0.30565308496598304	-0.31002008201705594	0.26219150808053643	0.26722291405155196	0.40240518731947483	-0.3082512186332107	-0.3005796646745082	-0.3049629858623413	-0.3053819255786494	-0.30054348825274935	-0.3036625042342416	-0.30465266122851836	-0.3015342932026922	-0.30364655081485137	-0.3032896965440702	-0.30862349994652877	-0.31224135337431064	-0.312936568274749	0.23301933715493545	0.22148308547607742	0.27441924271363644	0.2399266095072731	0.2188729889015878	0.2397947567330984	0.24250107712319682	0.26999471876555187	0.2596386891385511	-0.3088466871658529
-0.31185219627885724	0.20191599007045297	0.23627565727863203	0.19593604704633083	0.18107482048763981	0.23908474321138265	0.20255796951874033	0.19847615898282578	0.3019296392685215	0.26706971606599283	1.4147539018239432	0.2716148023683837	0.31901165046130003	-0.2910622258520298	-0.27747466340954646	-0.3083844141339108	-0.28041024463468983	-0.27324336089653695	-0.27477202351241375	-0.3173925906527737	-0.3264706973238975	-0.31980787441079495	-0.3203737688073883	0.23029308527957662	0.8290693629275676	0.2665130955640188	-0.32235129706089943	-0.31474888914430754	-0.3174719834293928	-0.31510965590572	-0.3167232706046952	-0.3162295288298674	-0.3161657108523992	-0.31256708445118453	-0.31198179329876174	-0.31494300841747225	-0.3178110395780291	-0.3205752460653811	-0.3271796072860913	0.26127444561922736	0.2788189259016261	0.32343206199897606	0.29144532702516207	0.35715732445738413	0.21887324708769137	0.2574500635326122	0.38960266751534073	0.2971103120424821	-0.32057723518929176
-0.3129671683721973	0.2799866853228002	0.27236633634892826	0.2918725510177934	0.2703617984821634	0.2707959625044099	0.2561744297206282	0.2729653356991913	0.3285758165204725	0.3998815986171052	0.2716148023683837	1.3593719127706398	0.36923101010547604	-0.28735729996097	-0.2796030160203156	-0.30881946441540215	-0.27863896856577214	-0.276429990435237	-0.271289231926232	-0.3151062685181604	-0.31732107639394735	-0.3184473549335488	-0.3191401228924382	0.27095114174562707	0.30892767174129315	0.3026117337203146	-0.31616471960449777	-0.3112602770421257	-0.3133160230443091	-0.3131078075020328	-0.31268294639265237	-0.3142611336881371	-0.31345623498663056	-0.3123919157485731	-0.3106185883559933	-0.31322004350782956	-0.31741896637854083	-0.31692469221345426	-0.32204013843618123	0.24968947186240467	0.26849691778244433	0.2867140501897312	0.3016351117314436	0.2676754618834206	0.2722921433503394	0.26845138730876755	0.30219485449565886	0.2779797862516953	-0.31855572133232407
-0.3102123027806574	0.2805982556747916	0.2772026212679151	0.2550775094525393	0.25449597403650914	0.2847265567279792	0.2819588415225923	0.253598340462645	0.37562999596368457	0.33368571764372906	0.31901165046130003	0.36923101010547604	1.3816102935736625	-0.2886247364803795	-0.2828596080441137	-0.3110529989035456	-0.28161060658930065	-0.27763083730683774	-0.2767446261529719	-0.3145087952203082	-0.3211054812758793	-0.3198199405918142	-0.3161556080605229	0.2507419425112499	0.3089799611452347	0.3331418986438978	-0.31837983233815165	-0.31230867746823077	-0.3124646464101747	-0.3122119104920153	-0.31348460605598694	-0.3136646963453192	-0.3143432125303915	-0.30950930459401876	-0.3138532721336831	-0.316308118389273	-0.31525152406245355	-0.3183998234464508	-0.3248223555180898	0.2630446050747516	0.29080082073447044	0.2911276002649687	0.28365238566319245	0.2400392557416898	0.26518398204309	0.2898362138368348	0.24383568247451334	0.3051610594965829	-0.3193225443844557
0.297552915475252	-0.246476840882368	-0.25680830040846464	-0.28466994635657483	-0.27197600849144654	-0.2910619295530471	-0.25167468842205276	-0.2765368574579596	-0.29340200231426633	-0.2715455540152028	-0.2910622258520298	-0.28735729996097	-0.2886247364803795	1.0709278664428896	0.364745577950924	0.3085156270812075	0.37980450007726324	0.36391186234458406	0.36595058464033914	0.2223559883918379	0.2231730144824772	0.2198418340610845	0.22145781332967146	-0.284572528362863	-0.299139008484548	-0.2854344200702258	0.2241858666952243	0.18457890342484806	0.17690415606759763	0.19180481925647574	0.19546696561941232	0.18291818228102574	0.17203636396550018	0.18967729927671576	0.19040106329018666	0.20253945751384778	0.2174328881083446	0.2101513603064467	0.20593216786170493	-0.29270901934171784	-0.29501553197758623	-0.28673156169781583	-0.2892754884502199	-0.2925366521416322	-0.2902240278609062	-0.28711686851801826	-0.2935012883242818	-0.28862789228048236	0.2111925913286105
0.27064694396336625	-0.24582145801914354	-0.2614044279894156	-0.27464013930406117	-0.2637025089416151	-0.27686012308635094	-0.2576358778339327	-0.267319121210396	-0.27619496976036084	-0.26406439988686364	-0.27747466340954646	-0.2796030160203156	-0.2828596080441137	0.364745577950924	1.1490542422226773	0.24928805874443974	0.44274273665681485	0.49747607794	0.522459726186291	0.18083377212898885	0.19308577766899562	0.18481342453387437	0.17334428229799315	-0.2792870109703864	-0.28524273527313965	-0.2723426063749197	0.18444868475068435	0.13904465642444058	0.13476065579491697	0.1510583989493056	0.14767174260671856	0.1638217296029327	0.1376844369554016	0.15674484459665758	0.15662445377478587	0.15616603176736282	0.16601848035437902	0.17642426638831363	0.17163977230825664	-0.2865629988388238	-0.285400658090763	-0.27532119774480945	-0.27794488562997693	-0.2855124145841357	-0.28272807441886366	-0.275552933983432	-0.28934650537851414	-0.27616895731317576	0.17753927513859302
0.31444550830157875	-0.24670157023721007	-0.25542397716102183	-0.3089524027703578	-0.29292214029145824	-0.31336956051580517	-0.2620688762800568	-0.3001977648671786	-0.30891755709262586	-0.2884387155199386	-0.3083844141339108	-0.30881946441540215	-0.3110529989035456	0.3085156270812075	0.24928805874443974	0.9949444841839121	0.25879699309677	0.2569796731014696	0.2463849185643793	0.28770524448026286	0.2669885219134504	0.26087868978792716	0.2610835423005576	-0.3034063548018547	-0.3204372437691011	-0.304124196127162	0.276903921906915	0.2367382795079033	0.22636497204770187	0.2347162276460878	0.2345263724822977	0.22684169522902672	0.21985236128009283	0.25671556573332877	0.2318987787192494	0.22701585842529265	0.2580442697406479	0.2490882628075092	0.2515916983380542	-0.3130253834785086	-0.3176933967654397	-0.306131002796983	-0.3097817337887809	-0.3105675985497299	-0.30776201300644956	-0.30470527714388973	-0.313405931540148	-0.30856440040817695	0.25444753826770056
0.27780995046379303	-0.24233647392778418	-0.25461303387842493	-0.27903054896407825	-0.25738582005185684	-0.2760605306491422	-0.24841410630128336	-0.26585948755148064	-0.27989041792432956	-0.259797713985001	-0.28041024463468983	-0.27863896856577214	-0.28161060658930065	0.37980450007726324	0.44274273665681485	0.25879699309677	1.1037027561194466	0.4525863648797842	0.4676057532887774	0.1914189098668922	0.19514821014609596	0.18793118022639188	0.1894483149809301	-0.2732690918203988	-0.28739818409804635	-0.2715550018413661	0.18952845396293672	0.1483769253597977	0.14655880839974184	0.14755336186060225	0.17100573384222664	0.15726072387181303	0.1418512079080167	0.1532025573109965	0.15594677733667364	0.16389866137971068	0.16794875778640384	0.18431377278012878	0.18691774417874502	-0.28230058704417244	-0.2842064805845847	-0.27930171775304946	-0.27787121000208037	-0.2841678006553524	-0.27947432314786785	-0.27716741609043105	-0.28524921733047565	-0.27773049724867355	0.1737262105589025
0.24380139963783426	-0.24065020414458507	-0.24844731214962607	-0.2689317370017981	-0.26019114892613515	-0.2762802042345424	-0.24632774738478602	-0.2674131097006971	-0.27320865151760776	-0.25859868139811687	-0.27324336089653695	-0.276429990435237	-0.27763083730683774	0.36391186234458406	0.49747607794	0.2569796731014696	0.4525863648797842	1.1343510430027897	0.5038025575478317	0.18863946754958147	0.1822151668534708	0.17850453078429104	0.17664026339682515	-0.2720450902998746	-0.2848512020968708	-0.2720958277452913	0.18202202605410928	0.14623362371480783	0.142277433079587	0.14199178214678776	0.1558815968481588	0.1500200205527047	0.1406186021184514	0.14574894963459906	0.14835096465412587	0.1494539163618227	0.17150636869421357	0.167842211864017	0.17011811922418113	-0.2817158913100032	-0.28169298173010393	-0.27595883832334583	-0.27605024838208075	-0.2804744879478163	-0.28138049601195186	-0.27481161528587134	-0.2846172961866878	-0.27411909234478876	0.16966708025525787
0.26828542544765227	-0.24256518280885653	-0.2514106205952657	-0.2707103733269301	-0.26472988343824255	-0.2773528410705354	-0.25021173029353816	-0.2617268358148174	-0.2723328697640038	-0.2545908785924354	-0.27477202351241375	-0.271289231926232	-0.2767446261529719	0.36595058464033914	0.522459726186291	0.2463849185643793	0.4676057532887774	0.5038025575478317	1.172340850184065	0.17176984669686016	0.1753360590057834	0.18116593795420258	0.17361614137618117	-0.2693792168881819	-0.2813350962392252	-0.265532503733492	0.1747289877340817	0.14167336605207362	0.134193204901158	0.13584208952228102	0.15184617236424444	0.1400140393507433	0.13614846738409786	0.14334609157659126	0.14114338092610978	0.14650268359767163	0.16451403541816936	0.16127604494863187	0.16748965610887445	-0.28191319119508795	-0.28134754917529914	-0.27372442929136126	-0.2760844174114729	-0.2815310709383464	-0.2788533940178843	-0.27079445727634865	-0.28504303733060193	-0.2756788683321127	0.1589189276425045
0.2625862462947127	-0.280905156322433	-0.2895230973635808	-0.3151296521089909	-0.30146769891181224	-0.3134215119735479	-0.28138259225865736	-0.3077506939019495	-0.3238939586753104	-0.3027217525663301	-0.3173925906527737	-0.3151062685181604	-0.3145087952203082	0.2223559883918379	0.18083377212898885	0.28770524448026286	0.1914189098668922	0.18863946754958147	0.17176984669686016	0.8996384008498158	0.3078458139647226	0.33367486908684685	0.3272075817735911	-0.31048609438197355	-0.32350822117662015	-0.30942784771113807	0.29421492284096584	0.2571699953733621	0.28260619880660465	0.2844454479494685	0.2627488659470698	0.22507544905602186	0.2616200958282211	0.26255542114110686	0.2736254708992874	0.3056381071427498	0.26554966489426457	0.24952758818039944	0.31071956737838774	-0.31223131444694724	-0.3167001564644271	-0.3070611218309577	-0.3153800160936038	-0.3124441085180382	-0.307695066809719	-0.30552178384788187	-0.3160116916781462	-0.3131902549651565	0.3294787747759181
0.2513977068672566	-0.2907440804438664	-0.2989981025258857	-0.3189253592040189	-0.30847367018257965	-0.32058866308531486	-0.288079613463447	-0.3173874775167068	-0.32539558332201185	-0.3060296158913732	-0.3264706973238975	-0.31732107639394735	-0.3211054812758793	0.2231730144824772	0.19308577766899562	0.2669885219134504	0.19514821014609596	0.1822151668534708	0.1753360590057834	0.3078458139647226	0.9119825579115244	0.28820083184609774	0.29215981935368807	-0.31743741064631326	-0.3311749774052129	-0.31695490232695933	0.2748041707849264	0.25255194431854144	0.26667400447812406	0.2961676007840408	0.2655583562352677	0.3086225121473666	0.28556138694843636	0.29871143574922815	0.28032644687239694	0.31433263560225166	0.23907208921476414	0.2812715813292651	0.41709070120784686	-0.3139912489202915	-0.32125589616973776	-0.31244972900185286	-0.316786026926274	-0.31445572779343656	-0.3128238234320235	-0.3089108448782698	-0.3193031123327353	-0.31626697982921703	0.296213232396404
0.2562235117655539	-0.28484210807265564	-0.2973987703519118	-0.31731849293261716	-0.30225734739955634	-0.31814818659937333	-0.28465181423349817	-0.30987683675357247	-0.3272738810549324	-0.30565308496598304	-0.31980787441079495	-0.3184473549335488	-0.3198199405918142	0.2198418340610845	0.18481342453387437	0.26087868978792716	0.18793118022639188	0.17850453078429104	0.18116593795420258	0.33367486908684685	0.28820083184609774	0.9008020976230755	0.3275605838058213	-0.31660538733628873	-0.32530010827594374	-0.31485286969759585	0.3190673870191016	0.25821705000156997	0.2865715973270022	0.30148859835389835	0.26624957349479217	0.2692735343230426	0.2858626998773763	0.2709190677567186	0.30245185162960114	0.2819058832344044	0.27291879783343886	0.2974916312822718	0.30067626654924373	-0.31274810909878975	-0.3184512594927325	-0.3082924497617035	-0.31042077403130097	-0.3100949840487796	-0.30717859924894503	-0.30588164467221907	-0.3128715897679198	-0.31195440663521845	0.30028149490095535
0.2731616451729638	-0.29460801914907625	-0.3065749494064549	-0.317489802430737	-0.3064771116986333	-0.32226464837290064	-0.2902535576846766	-0.31360430047253063	-0.33006346161700917	-0.31002008201705594	-0.3203737688073883	-0.3191401228924382	-0.3161556080605229	0.22145781332967146	0.17334428229799315	0.2610835423005576	0.1894483149809301	0.17664026339682515	0.17361614137618117	0.3272075817735911	0.29215981935368807	0.3275605838058213	0.8285659629069291	-0.3146252927859285	-0.3233380504335714	-0.3156880659825903	0.361661052406184	0.2569609608009581	0.2669911466396888	0.29501502465868185	0.26594259624899097	0.28342481501015376	0.2676828406538906	0.2803335027764446	0.29121166117748465	0.27666798433051554	0.29389528478683746	0.350227809059565	0.2787277138147327	-0.31404461560620206	-0.3198435389748685	-0.30649361046494505	-0.3120177446972215	-0.31346984612650164	-0.30785105121480216	-0.30740930270265604	-0.31538787422767245	-0.3109302729234015	0.2929413075081398
-0.305812706874602	0.3687761992080415	0.4191633777123766	0.39096845247970236	0.4012026890943849	0.39407524382154946	0.34077336997488766	0.3641521988081064	0.3240818375308669	0.26219150808053643	0.23029308527957662	0.27095114174562707	0.2507419425112499	-0.284572528362863	-0.2792870109703864	-0.3034063548018547	-0.2732690918203988	-0.2720450902998746	-0.2693792168881819	-0.31048609438197355	-0.31743741064631326	-0.31660538733628873	-0.3146252927859285	1.414452510362415	0.2798135544268517	0.2726288271573823	-0.31767679621246736	-0.3100629579837649	-0.3164827162554984	-0.3148487941546195	-0.3134506063035295	-0.3129410742564116	-0.3132908813264227	-0.31146921445475206	-0.31250452902472065	-0.3132962099245664	-0.31762279997326703	-0.3203679539352452	-0.32251368819497467	0.2596781904038676	0.23346953015675326	0.2823561585627721	0.21665710511199715	0.17492571522571498	0.25881662918427845	0.22672240111200614	0.19586598847301775	0.20928147029419022	-0.3224863761216806
-0.31733255526558285	0.19995442504268954	0.21783260502483098	0.19722174878482107	0.18175789419106847	0.26340797275583067	0.21677013424185523	0.2216880609637622	0.32134114886836607	0.26722291405155196	0.8290693629275676	0.30892767174129315	0.3089799611452347	-0.299139008484548	-0.28524273527313965	-0.3204372437691011	-0.28739818409804635	-0.2848512020968708	-0.2813350962392252	-0.32350822117662015	-0.3311749774052129	-0.32530010827594374	-0.3233380504335714	0.2798135544268517	1.431635406880709	0.2647465218759269	-0.3267782960147839	-0.3186495915901252	-0.32245289893185336	-0.31864768507516444	-0.3220188787251481	-0.31860294141550854	-0.31833749477530077	-0.31720000037920004	-0.3151489207798371	-0.3188619578016069	-0.32142142369161264	-0.32466912994932345	-0.3358973605883159	0.2700058741760977	0.2585867999142758	0.32854219495164266	0.2852106581888338	0.34618465550751804	0.22489316478511298	0.2504400818877902	0.4200078792298042	0.261641122131011	-0.32430070364958924
-0.3071539766882044	0.26895242097261224	0.26457930756785036	0.26927839323733976	0.2676442265494031	0.30764646558888886	0.25878062706628624	0.2644732429893051	0.3483702803840333	0.40240518731947483	0.2665130955640188	0.3026117337203146	0.3331418986438978	-0.2854344200702258	-0.2723426063749197	-0.304124196127162	-0.2715550018413661	-0.2720958277452913	-0.265532503733492	-0.30942784771113807	-0.31695490232695933	-0.31485286969759585	-0.3156880659825903	0.2726288271573823	0.2647465218759269	1.3818553844311139	-0.31717313215970666	-0.31262213140110756	-0.3140078547188533	-0.31267696812731405	-0.31205926811664775	-0.31395637640160584	-0.3152617890917086	-0.3112106620369345	-0.31453858870131235	-0.3150129948041808	-0.3153112501596451	-0.3237619787270982	-0.3199431729194493	0.2632794046929145	0.29095749445344776	0.2738884325039347	0.2740258162367513	0.25801573662466415	0.27293789109445704	0.2873942357981583	0.27480257889333315	0.30056314183179417	-0.3198825191633493
0.27801791241540547	-0.2953243588545914	-0.3070920069153786	-0.3202655234087619	-0.31161834288400386	-0.3219414417991068	-0.29276117771637694	-0.31448604534904895	-0.3283359335475584	-0.3082512186332107	-0.32235129706089943	-0.31616471960449777	-0.31837983233815165	0.2241858666952243	0.18444868475068435	0.276903921906915	0.18952845396293672	0.18202202605410928	0.1747289877340817	0.29421492284096584	0.2748041707849264	0.3190673870191016	0.361661052406184	-0.31767679621246736	-0.3267782960147839	-0.31717313215970666	0.8784653753676338	0.2792757121953136	0.28845543512361144	0.27567872017144635	0.26011180762700353	0.2659767893979165	0.29227807378133436	0.29279865901755675	0.2588900219252217	0.28281331650218317	0.3154124566573501	0.3267765241483652	0.2815647073686058	-0.31631929177276136	-0.3195686299192102	-0.30849268134432867	-0.3128556209157436	-0.31234421368303694	-0.3119946698764485	-0.3084200101571194	-0.3150925839205416	-0.31063575911035807	0.27443569133759504
0.25382063365204666	-0.2915477101790726	-0.30385827677746996	-0.31165839973647586	-0.3047272838217875	-0.312506563128194	-0.28552864583663456	-0.3089161581914351	-0.32155532473645754	-0.3005796646745082	-0.31474888914430754	-0.3112602770421257	-0.31230867746823077	0.18457890342484806	0.13904465642444058	0.2367382795079033	0.1483769253597977	0.14623362371480783	0.14167336605207362	0.2571699953733621	0.25255194431854144	0.25821705000156997	0.2569609608009581	-0.3100629579837649	-0.3186495915901252	-0.31262213140110756	0.2792757121953136	0.8439346391580477	0.389953958576469	0.28728784034121524	0.39478801904168564	0.273249351687413	0.310150290802302	0.3006303212370094	0.29453430756143767	0.28682235500002295	0.29249863414093435	0.2674284185773156	0.258224216664407	-0.29491803255968724	-0.3006016500738529	-0.2863046016521531	-0.29581196559479145	-0.28969011939447337	-0.2936451131036595	-0.2877404775608802	-0.2951639992457206	-0.29457433436260505	0.26999314582967704
0.2313609132749973	-0.2957867831844696	-0.3063392647054134	-0.31404297004589105	-0.3076917942187897	-0.3162478541971613	-0.286907196560517	-0.31097206395050825	-0.32426923279670133	-0.3049629858623413	-0.3174719834293928	-0.3133160230443091	-0.3124646464101747	0.17690415606759763	0.13476065579491697	0.22636497204770187	0.14655880839974184	0.142277433079587	0.134193204901158	0.28260619880660465	0.26667400447812406	0.2865715973270022	0.2669911466396888	-0.3164827162554984	-0.32245289893185336	-0.3140078547188533	0.28845543512361144	0.389953958576469	0.827348432407457	0.2840710327882379	0.4035685021354512	0.2632271045466719	0.31090333717861984	0.2981712079863905	0.2741181143937997	0.3081536682934087	0.30102369749477403	0.2752998520574758	0.30119484034495037	-0.29484027367222543	-0.3003503338299371	-0.2886784737523195	-0.29775355723390884	-0.2912615622279416	-0.2930528087887709	-0.28725846756963264	-0.2993700019628373	-0.2972564684066769	0.25699164180280715
0.22638009595295644	-0.2946991441959668	-0.30658254414934444	-0.3152220191807747	-0.30870358297898787	-0.31405376673711516	-0.28717709730527263	-0.31273083806214425	-0.3230876986128405	-0.3053819255786494	-0.31510965590572	-0.3131078075020328	-0.3122119104920153	0.19180481925647574	0.1510583989493056	0.2347162276460878	0.14755336186060225	0.14199178214678776	0.13584208952228102	0.2844454479494685	0.2961676007840408	0.30148859835389835	0.29501502465868185	-0.3148487941546195	-0.31864768507516444	-0.31267696812731405	0.27567872017144635	0.28728784034121524	0.2840710327882379	0.8296543478556895	0.2990283023893818	0.2925673974478195	0.30431559701786626	0.2887568931854062	0.31885742395637345	0.3053194365096449	0.29580529139593	0.26553478333353997	0.3114878638860084	-0.2934626922980474	-0.2993796018133378	-0.2906549973287577	-0.2920143895090651	-0.2911057021766192	-0.2926256317648969	-0.2884443934511284	-0.29486064557028013	-0.29502052717407024	0.28876318966179176
0.22790730949702923	-0.29496341616989397	-0.3069952263400199	-0.3155414941277471	-0.306053082158115	-0.3160059452808099	-0.2878884886311707	-0.31224000145556646	-0.3214299999042284	-0.30054348825274935	-0.3167232706046952	-0.31268294639265237	-0.31348460605598694	0.19546696561941232	0.14767174260671856	0.2345263724822977	0.17100573384222664	0.1558815968481588	0.15184617236424444	0.2627488659470698	0.2655583562352677	0.26624957349479217	0.26594259624899097	-0.3134506063035295	-0.3220188787251481	-0.31205926811664775	0.26011180762700353	0.39478801904168564	0.4035685021354512	0.2990283023893818	0.8090726446415135	0.2757662240959075	0.2849249233399272	0.28718850012377206	0.28324474273486344	0.30021293588936304	0.28073129390057555	0.27630136199732297	0.28583763945748786	-0.2932525924154009	-0.3012306078371912	-0.28980289495769157	-0.29266524676723255	-0.29143700719753646	-0.2926397963089731	-0.28810975385795823	-0.2970147327061967	-0.29488672924003784	0.27212836562235887
0.21922466603434598	-0.29583091735049755	-0.3079024599858811	-0.31867868841703945	-0.30583051754029045	-0.31762196686022	-0.2885340792759535	-0.31112112954294324	-0.32326167212188595	-0.3036625042342416	-0.3162295288298674	-0.3142611336881371	-0.3136646963453192	0.18291818228102574	0.1638217296029327	0.22684169522902672	0.15726072387181303	0.1500200205527047	0.1400140393507433	0.22507544905602186	0.3086225121473666	0.2692735343230426	0.28342481501015376	-0.3129410742564116	-0.31860294141550854	-0.31395637640160584	0.2659767893979165	0.273249351687413	0.2632271045466719	0.2925673974478195	0.2757662240959075	0.8422471929169524	0.4551567175487232	0.31083660221612414	0.30707084887325437	0.2878559330548517	0.3040745302263436	0.2902079573804887	0.28358136739244216	-0.295461927818396	-0.3016790220557321	-0.2914823186164578	-0.29608263875139434	-0.29318412015304013	-0.29451612534251237	-0.2912714130007492	-0.29743744854116577	-0.29585873972976595	0.30695351777729446
0.21516837170048808	-0.29686450322746666	-0.3048643503653129	-0.3159853576241729	-0.3068960531625201	-0.3176434716406179	-0.2886440648955794	-0.3116941604997715	-0.3212171218957073	-0.30465266122851836	-0.3161657108523992	-0.31345623498663056	-0.3143432125303915	0.17203636396550018	0.1376844369554016	0.21985236128009283	0.1418512079080167	0.1406186021184514	0.13614846738409786	0.2616200958282211	0.28556138694843636	0.2858626998773763	0.2676828406538906	-0.3132908813264227	-0.31833749477530077	-0.3152617890917086	0.29227807378133436	0.310150290802302	0.31090333717861984	0.30431559701786626	0.2849249233399272	0.4551567175487232	0.8191352507693743	0.2962684028815485	0.31466038003576796	0.2889122028090087	0.28335437853629314	0.2780302942080904	0.2747422100073396	-0.29585535528830315	-0.30028499905327377	-0.29007290177487094	-0.2976026787325578	-0.29089431317322	-0.29434760528068526	-0.2899502602352017	-0.2961213310584882	-0.2953723930568002	0.29606279642976324
0.2344908671504188	-0.2915675677567101	-0.30288087370258576	-0.3146348965594941	-0.3040018343923455	-0.31378519795677945	-0.2855010171705316	-0.3076831369434014	-0.3210048466020162	-0.3015342932026922	-0.31256708445118453	-0.3123919157485731	-0.30950930459401876	0.18967729927671576	0.15674484459665758	0.25671556573332877	0.1532025573109965	0.14574894963459906	0.14334609157659126	0.26255542114110686	0.29871143574922815	0.2709190677567186	0.2803335027764446	-0.31146921445475206	-0.31720000037920004	-0.3112106620369345	0.29279865901755675	0.3006303212370094	0.2981712079863905	0.2887568931854062	0.28718850012377206	0.31083660221612414	0.2962684028815485	0.8172714599265316	0.3018052309804401	0.2966642359637669	0.27660179148131414	0.29698046099610925	0.28593328204738794	-0.29273058575300137	-0.2998291111658517	-0.2875984048695299	-0.29444484028253964	-0.29021875438654976	-0.29238479582377846	-0.28634563844851857	-0.2955474408472293	-0.2943972040367494	0.27195424355427344
0.22406598197169125	-0.2949517190327372	-0.3055205701514053	-0.31543743913928796	-0.3074612391740532	-0.3162021148346699	-0.2886632387969781	-0.3120713908421546	-0.32186427508686427	-0.30364655081485137	-0.31198179329876174	-0.3106185883559933	-0.3138532721336831	0.19040106329018666	0.15662445377478587	0.2318987787192494	0.15594677733667364	0.14835096465412587	0.14114338092610978	0.2736254708992874	0.28032644687239694	0.30245185162960114	0.29121166117748465	-0.31250452902472065	-0.3151489207798371	-0.31453858870131235	0.2588900219252217	0.29453430756143767	0.2741181143937997	0.31885742395637345	0.28324474273486344	0.30707084887325437	0.31466038003576796	0.3018052309804401	0.8208069903728776	0.2994520932042957	0.27913250737152917	0.29901055490285533	0.26213452716649915	-0.2930773742800016	-0.298512043520957	-0.28861081622792734	-0.29528062948335027	-0.28927807375544495	-0.29112923659354817	-0.2882269684876171	-0.29388960016306465	-0.29387111123653187	0.33148017535454505
0.23909114995555628	-0.2975789559758196	-0.30488638917369054	-0.31520697708818884	-0.30723304870911455	-0.3162981306825837	-0.28900063625060995	-0.31098990764133677	-0.32178578084212	-0.3032896965440702	-0.31494300841747225	-0.31322004350782956	-0.316308118389273	0.20253945751384778	0.15616603176736282	0.22701585842529265	0.16389866137971068	0.1494539163618227	0.14650268359767163	0.3056381071427498	0.31433263560225166	0.2819058832344044	0.27666798433051554	-0.3132962099245664	-0.3188619578016069	-0.3150129948041808	0.28281331650218317	0.28682235500002295	0.3081536682934087	0.3053194365096449	0.30021293588936304	0.2878559330548517	0.2889122028090087	0.2966642359637669	0.2994520932042957	0.8516893089049657	0.2649212246242142	0.26426152017774923	0.31091416395060906	-0.29801124550095415	-0.30190375387697366	-0.29152171318090403	-0.29750167847844095	-0.2938258497340153	-0.2930564226993857	-0.29185144045942935	-0.29791128009942724	-0.2983133440349359	0.27779496798058334
0.2707720902990724	-0.29894480355042385	-0.3109888454550867	-0.32299158479160417	-0.31138322660667894	-0.320830053022959	-0.2911762347941253	-0.3165952316357997	-0.32728880315272113	-0.30862349994652877	-0.3178110395780291	-0.31741896637854083	-0.31525152406245355	0.2174328881083446	0.16601848035437902	0.2580442697406479	0.16794875778640384	0.17150636869421357	0.16451403541816936	0.26554966489426457	0.23907208921476414	0.27291879783343886	0.29389528478683746	-0.31762279997326703	-0.32142142369161264	-0.3153112501596451	0.3154124566573501	0.29249863414093435	0.30102369749477403	0.29580529139593	0.28073129390057555	0.3040745302263436	0.28335437853629314	0.27660179148131414	0.27913250737152917	0.2649212246242142	0.8982489631027532	0.31494363486808613	0.275607826295682	-0.2934156420851084	-0.29616024388503065	-0.2858482298183172	-0.29216816785008043	-0.2879066136900215	-0.2917622698866269	-0.286356882949828	-0.29272915670180455	-0.2930104467058519	0.2778637791811435
0.26471067405932425	-0.301304992822147	-0.31373605469770227	-0.32093237833210236	-0.3141000731386804	-0.32658691127591133	-0.29482740042365824	-0.31600279972546513	-0.33189894464570935	-0.31224135337431064	-0.3205752460653811	-0.31692469221345426	-0.3183998234464508	0.2101513603064467	0.17642426638831363	0.2490882628075092	0.18431377278012878	0.167842211864017	0.16127604494863187	0.24952758818039944	0.2812715813292651	0.2974916312822718	0.350227809059565	-0.3203679539352452	-0.32466912994932345	-0.3237619787270982	0.3267765241483652	0.2674284185773156	0.2752998520574758	0.26553478333353997	0.27630136199732297	0.2902079573804887	0.2780302942080904	0.29698046099610925	0.29901055490285533	0.26426152017774923	0.31494363486808613	0.8839238873411811	0.28058838315906864	-0.29499628824996516	-0.29894123254663135	-0.28879398860072214	-0.29636709917729026	-0.2909519016780609	-0.29091626970261886	-0.28923894763699726	-0.293787547514367	-0.29303662053348956	0.2919280647851865
0.24213969904048308	-0.30219010774793764	-0.31528939175559734	-0.3223515056342771	-0.3160738159541208	-0.32187981633326695	-0.29711373589197665	-0.320524295682446	-0.33242195656346385	-0.312936568274749	-0.3271796072860913	-0.32204013843618123	-0.3248223555180898	0.20593216786170493	0.17163977230825664	0.2515916983380542	0.18691774417874502	0.17011811922418113	0.16748965610887445	0.31071956737838774	0.41709070120784686	0.30067626654924373	0.2787277138147327	-0.32251368819497467	-0.3358973605883159	-0.3199431729194493	0.2815647073686058	0.258224216664407	0.30119484034495037	0.3114878638860084	0.28583763945748786	0.28358136739244216	0.2747422100073396	0.28593328204738794	0.26213452716649915	0.31091416395060906	0.275607826295682	0.28058838315906864	0.8674579534999365	-0.2958159112947398	-0.30126788631717466	-0.29469786667027603	-0.3003248044974021	-0.29544196060531946	-0.2957763830286589	-0.2915270839914864	-0.29968530581422087	-0.29650115659016985	0.2917061084398222
-0.30595022034955893	0.22413079954176962	0.23068823068410424	0.21857955688208258	0.2199268504753875	0.2535082957230084	0.22799057797171562	0.1996943094288338	0.29527524109463077	0.23301933715493545	0.26127444561922736	0.24968947186240467	0.2630446050747516	-0.29270901934171784	-0.2865629988388238	-0.3130253834785086	-0.28230058704417244	-0.2817158913100032	-0.28191319119508795	-0.31223131444694724	-0.3139912489202915	-0.31274810909878975	-0.31404461560620206	0.2596781904038676	0.2700058741760977	0.2632794046929145	-0.31631929177276136	-0.29491803255968724	-0.29484027367222543	-0.2934626922980474	-0.2932525924154009	-0.295461927818396	-0.29585535528830315	-0.29273058575300137	-0.2930773742800016	-0.29801124550095415	-0.2934156420851084	-0.29499628824996516	-0.2958159112947398	1.3255962286915397	0.34691747667913186	0.2555744823711099	0.3442336911975496	0.31787235220395904	0.4894893583886311	0.3587030736467671	0.27771361716152804	0.39609330789065605	-0.2938587487421456
