0.28153977811022090627 0.71846021788977931788 0.00000000099999999958 0.00000000099999999958 0.00000000099999999958 0.00000000099999999958 
0.00000000099999999987 0.00000000099999999987 0.00000000099999999987 0.99998929243544021350 0.00000000099999999987 0.00001070356455977305 
0.00000000099999999983 0.00000000099999999983 0.00000000099999999983 0.80376824763768184301 0.13229498095149405668 0.06393676841082400475 
0.00000000099999999970 0.00000000099999999970 0.00000000099999999970 0.99999999500000003039 0.00000000099999999970 0.00000000099999999970 
0.00000000099999999972 0.00000000099999999972 0.00000000099999999972 0.99999999499999991937 0.00000000099999999972 0.00000000099999999972 
0.00000000099999999977 0.00000000099999999977 0.00000000099999999977 0.80087653062626273925 0.06966853876024974024 0.12945492761348742494 
0.00000000099999999987 0.00000000099999999987 0.00000000099999999987 0.87289027246907080482 0.02228946243706558805 0.10482026209386355320 
0.00000000099999999974 0.00000000099999999974 0.00000000099999999974 0.99999999500000003039 0.00000000099999999974 0.00000000099999999974 
0.00000000099999999977 0.00000000099999999977 0.00000000099999999977 0.34323012404475516934 0.21721830309066544884 0.43955156986457938340 
0.00000000099999999982 0.00000000099999999982 0.00000000099999999982 0.51059568872876215373 0.22081748659839667281 0.26858682167284109177 
0.00000000099999999961 0.00000000099999999961 0.00000000099999999961 0.00000000099999999961 0.99999999499999991937 0.00000000099999999961 
0.00000000099999999978 0.00000000099999999978 0.00000000099999999978 0.39937797299895183567 0.21907913901232367593 0.38154288498872446223 
0.00000000099999999978 0.00000000099999999978 0.00000000099999999978 0.36714432064478363937 0.18267283088246658029 0.45018284547274978191 
0.57719862033657831635 0.42280137566342190780 0.00000000099999999967 0.00000000099999999967 0.00000000099999999967 0.00000000099999999967 
0.99999999500000003039 0.00000000099999999949 0.00000000099999999949 0.00000000099999999949 0.00000000099999999949 0.00000000099999999949 
0.24427995462308199626 0.75572004137691806136 0.00000000099999999960 0.00000000099999999960 0.00000000099999999960 0.00000000099999999960 
0.99999999500000003039 0.00000000099999999956 0.00000000099999999956 0.00000000099999999956 0.00000000099999999956 0.00000000099999999956 
0.99999999500000014141 0.00000000099999999951 0.00000000099999999951 0.00000000099999999951 0.00000000099999999951 0.00000000099999999951 
0.99999999500000014141 0.00000000099999999947 0.00000000099999999947 0.00000000099999999947 0.00000000099999999947 0.00000000099999999947 
0.00000000099999999953 0.99999999500000003039 0.00000000099999999953 0.00000000099999999953 0.00000000099999999953 0.00000000099999999953 
0.00000000099999999954 0.73314239960354987691 0.26685759639645018071 0.00000000099999999954 0.00000000099999999954 0.00000000099999999954 
0.00000000099999999956 0.99999999500000014141 0.00000000099999999956 0.00000000099999999956 0.00000000099999999956 0.00000000099999999956 
0.00000000099999999951 0.99999999500000003039 0.00000000099999999951 0.00000000099999999951 0.00000000099999999951 0.00000000099999999951 
0.00000000099999999978 0.00000000099999999978 0.00000000099999999978 0.89066661805933433627 0.10933337794066561033 0.00000000099999999978 
0.00000000099999999957 0.00000000099999999957 0.00000000099999999957 0.00000000099999999957 0.99999999500000003039 0.00000000099999999957 
0.00000000099999999979 0.00000000099999999979 0.00000000099999999979 0.40205274010769015414 0.15234594838615794776 0.44560130850615192744 
0.00000000099999999952 0.94921923777282768420 0.05078075822717235954 0.00000000099999999952 0.00000000099999999952 0.00000000099999999952 
0.00000000099999999944 0.00000000099999999944 0.99999999499999991937 0.00000000099999999944 0.00000000099999999944 0.00000000099999999944 
0.00000000099999999944 0.00000000099999999944 0.99999999499999991937 0.00000000099999999944 0.00000000099999999944 0.00000000099999999944 
0.00000000099999999951 0.43170631152078825510 0.56829368447921169150 0.00000000099999999951 0.00000000099999999951 0.00000000099999999951 
0.00000000099999999946 0.00000000099999999946 0.99999999500000003039 0.00000000099999999946 0.00000000099999999946 0.00000000099999999946 
0.00000000099999999946 0.00000000099999999946 0.99999999500000003039 0.00000000099999999946 0.00000000099999999946 0.00000000099999999946 
0.00000000099999999943 0.00000000099999999943 0.99999999500000003039 0.00000000099999999943 0.00000000099999999943 0.00000000099999999943 
0.00000000099999999953 0.36213282573417182597 0.63786717026582817613 0.00000000099999999953 0.00000000099999999953 0.00000000099999999953 
0.00000000099999999952 0.39149479357114885802 0.60850520242885119959 0.00000000099999999952 0.00000000099999999952 0.00000000099999999952 
0.00000000099999999953 0.43036627689638018435 0.56963371910361981776 0.00000000099999999953 0.00000000099999999953 0.00000000099999999953 
0.00000000099999999959 0.57109401245439472827 0.42890598354560538485 0.00000000099999999959 0.00000000099999999959 0.00000000099999999959 
0.00000000099999999956 0.80404251962084127836 0.19595747637915886252 0.00000000099999999956 0.00000000099999999956 0.00000000099999999956 
0.00000000099999999955 0.70080380366825856253 0.29919619233174138406 0.00000000099999999955 0.00000000099999999955 0.00000000099999999955 
0.00000000099999999972 0.00000000099999999972 0.00000000099999999972 0.00000000099999999972 0.00000000099999999972 0.99999999500000003039 
0.00000000099999999971 0.00000000099999999971 0.00000000099999999971 0.00000000099999999971 0.00000000099999999971 0.99999999500000003039 
0.00000000099999999984 0.00000000099999999984 0.00000000099999999984 0.36587625173157933833 0.34249974743421329748 0.29162399783420728250 
0.00000000099999999976 0.00000000099999999976 0.00000000099999999976 0.00000000099999999976 0.00000000099999999976 0.99999999499999991937 
0.00000000099999999974 0.00000000099999999974 0.00000000099999999974 0.00000000099999999974 0.51962702691302287139 0.48037296908697713071 
0.00000000099999999974 0.00000000099999999974 0.00000000099999999974 0.00000000099999999974 0.00000000099999999974 0.99999999500000003039 
0.00000000099999999979 0.00000000099999999979 0.00000000099999999979 0.00000000099999999979 0.00000000099999999979 0.99999999499999991937 
0.00000000099999999969 0.00000000099999999969 0.00000000099999999969 0.00000000099999999969 0.99999999499999991937 0.00000000099999999969 
0.00000000099999999973 0.00000000099999999973 0.00000000099999999973 0.00000000099999999973 0.00000000099999999973 0.99999999500000003039 
0.00000000099999999956 0.70601274078406417445 0.29398725521593582766 0.00000000099999999956 0.00000000099999999956 0.00000000099999999956 
