0.00000000099999999958 0.00000000099999999958 0.00000000099999999958 0.34165076869371979740 0.65834922830628017643 
0.99999941648372336900 0.00000000099999999991 0.00000058051627662468 0.00000000099999999991 0.00000000099999999991 
0.80377248583542681981 0.13228973827531009810 0.06393777388926318028 0.00000000099999999989 0.00000000099999999989 
0.99999999600000000211 0.00000000099999999978 0.00000000099999999978 0.00000000099999999978 0.00000000099999999978 
0.99999999600000011313 0.00000000099999999980 0.00000000099999999980 0.00000000099999999980 0.00000000099999999980 
0.80088123131497512830 0.06966134490042369398 0.12945742178460123428 0.00000000099999999985 0.00000000099999999985 
0.87290755136740694198 0.02226014473887996670 0.10483230189371312013 0.00000000099999999991 0.00000000099999999991 
0.99999999600000000211 0.00000000099999999982 0.00000000099999999982 0.00000000099999999982 0.00000000099999999982 
0.34323252478263294174 0.21721639647157839348 0.43955107674578858257 0.00000000099999999985 0.00000000099999999985 
0.51059873284803947158 0.22081483399017734492 0.26858643116178310128 0.00000000099999999988 0.00000000099999999988 
0.00000000099999999970 0.99999999600000011313 0.00000000099999999970 0.00000000099999999970 0.00000000099999999970 
0.39937935560914716859 0.21907675771205389892 0.38154388467879879476 0.00000000099999999986 0.00000000099999999986 
0.36714726534605662822 0.18267041142669418474 0.45018232122724910482 0.00000000099999999986 0.00000000099999999986 
0.00000000099999999967 0.00000000099999999967 0.00000000099999999967 0.62277690265797325253 0.37722309434202677680 
0.00000000099999999952 0.00000000099999999952 0.00000000099999999952 0.99999999600000000211 0.00000000099999999952 
0.00000000099999999961 0.00000000099999999961 0.00000000099999999961 0.31200973138540516461 0.68799026561459475371 
0.00000000099999999957 0.00000000099999999957 0.00000000099999999957 0.99999999600000000211 0.00000000099999999957 
0.00000000099999999954 0.00000000099999999954 0.00000000099999999954 0.99999999599999989108 0.00000000099999999954 
0.00000000099999999951 0.00000000099999999951 0.00000000099999999951 0.99999999600000000211 0.00000000099999999951 
0.00000000099999999958 0.00000000099999999958 0.00000000099999999958 0.03978151774080396219 0.96021847925919601163 
0.00000000099999999956 0.00000000099999999956 0.00000000099999999956 0.00982357589643044656 0.99017642110356962615 
0.00000000099999999960 0.00000000099999999960 0.00000000099999999960 0.00375888433708758537 0.99624111266291226485 
0.00000000099999999955 0.00000000099999999955 0.00000000099999999955 0.00000000099999999955 0.99999999600000000211 
0.89067275802289069819 0.10932723897710938665 0.00000000099999999985 0.00000000099999999985 0.00000000099999999985 
0.00000000099999999967 0.99999999600000011313 0.00000000099999999967 0.00000000099999999967 0.00000000099999999967 
0.40205577910434769917 0.15234435577087665492 0.44559986312477567472 0.00000000099999999986 0.00000000099999999986 
0.00000000099999999955 0.00000000099999999955 0.00000000099999999955 0.00453312049731650728 0.99546687650268350644 
0.00000000099999999951 0.00000000099999999951 0.00000000099999999951 0.00000000099999999951 0.99999999599999989108 
0.00000000099999999950 0.00000000099999999950 0.00000000099999999950 0.00000000099999999950 0.99999999600000000211 
0.00000000099999999951 0.00000000099999999951 0.00000000099999999951 0.00000000099999999951 0.99999999600000000211 
0.00000000099999999952 0.00000000099999999952 0.00000000099999999952 0.00000000099999999952 0.99999999600000000211 
0.00000000099999999952 0.00000000099999999952 0.00000000099999999952 0.00000000099999999952 0.99999999599999989108 
0.00000000099999999950 0.00000000099999999950 0.00000000099999999950 0.00000000099999999950 0.99999999600000000211 
0.00000000099999999953 0.00000000099999999953 0.00000000099999999953 0.00000000099999999953 0.99999999600000000211 
0.00000000099999999952 0.00000000099999999952 0.00000000099999999952 0.00000000099999999952 0.99999999600000000211 
0.00000000099999999953 0.00000000099999999953 0.00000000099999999953 0.00000000099999999953 0.99999999600000000211 
0.00000000099999999959 0.00000000099999999959 0.00000000099999999959 0.00000000099999999959 0.99999999599999989108 
0.00000000099999999958 0.00000000099999999958 0.00000000099999999958 0.00000000099999999958 0.99999999600000000211 
0.00000000099999999955 0.00000000099999999955 0.00000000099999999955 0.00000000099999999955 0.99999999599999989108 
0.00000000099999999980 0.00000000099999999980 0.99999999600000000211 0.00000000099999999980 0.00000000099999999980 
0.00000000099999999979 0.00000000099999999979 0.99999999599999989108 0.00000000099999999979 0.00000000099999999979 
0.36587862162506451513 0.34249798562327699036 0.29162339075165860658 0.00000000099999999989 0.00000000099999999989 
0.00000000099999999983 0.00000000099999999983 0.99999999600000000211 0.00000000099999999983 0.00000000099999999983 
0.00000000099999999981 0.51962539956416409215 0.48037459743583604821 0.00000000099999999981 0.00000000099999999981 
0.00000000099999999981 0.00000000099999999981 0.99999999599999989108 0.00000000099999999981 0.00000000099999999981 
0.00000000099999999985 0.00000000099999999985 0.99999999599999989108 0.00000000099999999985 0.00000000099999999985 
0.00000000099999999976 0.99999999600000011313 0.00000000099999999976 0.00000000099999999976 0.00000000099999999976 
0.00000000099999999980 0.00000000099999999980 0.99999999599999989108 0.00000000099999999980 0.00000000099999999980 
0.00000000099999999957 0.00000000099999999957 0.00000000099999999957 0.00000000099999999957 0.99999999599999989108 
