0.00000000099999999972 0.00000000099999999972 0.34163022324592179357 0.65836977475407809646 
0.00000000099999999991 0.99999999699999997382 0.00000000099999999991 0.00000000099999999991 
0.20336303286618298558 0.79663696513381709874 0.00000000099999999989 0.00000000099999999989 
0.00000000099999999981 0.99999999699999997382 0.00000000099999999981 0.00000000099999999981 
0.00000000099999999982 0.99999999699999997382 0.00000000099999999982 0.00000000099999999982 
0.17065387263528022932 0.82934612536471985500 0.00000000099999999985 0.00000000099999999985 
0.11863308240902409318 0.88136691559097601889 0.00000000099999999991 0.00000000099999999991 
0.00000000099999999983 0.99999999699999997382 0.00000000099999999983 0.00000000099999999983 
0.58013794596727030761 0.41986205203272958242 0.00000000099999999985 0.00000000099999999985 
0.44732191745078808687 0.55267808054921185867 0.00000000099999999988 0.00000000099999999988 
0.99999999700000008485 0.00000000099999999982 0.00000000099999999982 0.00000000099999999982 
0.52585939657717328810 0.47414060142282676846 0.00000000099999999985 0.00000000099999999985 
0.53798500344126953809 0.46201499455873046296 0.00000000099999999986 0.00000000099999999986 
0.00000000099999999978 0.00000000099999999978 0.62276320282821795438 0.37723679517178193565 
0.00000000099999999967 0.00000000099999999967 0.99999999699999997382 0.00000000099999999967 
0.00000000099999999974 0.00000000099999999974 0.31198663795045361580 0.68801336004954638526 
0.00000000099999999971 0.00000000099999999971 0.99999999699999997382 0.00000000099999999971 
0.00000000099999999969 0.00000000099999999969 0.99999999699999997382 0.00000000099999999969 
0.00000000099999999967 0.00000000099999999967 0.99999999699999986280 0.00000000099999999967 
0.00000000099999999972 0.00000000099999999972 0.03972117086585455481 0.96027882713414558502 
0.00000000099999999971 0.00000000099999999971 0.00975928055402619857 0.99024071744597386147 
0.00000000099999999973 0.00000000099999999973 0.00360848802061529113 0.99639150997938463750 
0.00000000099999999970 0.00000000099999999970 0.00000000099999999970 0.99999999700000008485 
0.14006402406119347614 0.85993597393880660817 0.00000000099999999985 0.00000000099999999985 
0.99999999699999997382 0.00000000099999999981 0.00000000099999999981 0.00000000099999999981 
0.50719483603622383949 0.49280516196377616156 0.00000000099999999986 0.00000000099999999986 
0.00000000099999999970 0.00000000099999999970 0.00442956308008009367 0.99557043491991992212 
0.00000000099999999967 0.00000000099999999967 0.00000000099999999967 0.99999999700000008485 
0.00000000099999999965 0.00000000099999999965 0.00000000099999999965 0.99999999699999997382 
0.00000000099999999966 0.00000000099999999966 0.00000000099999999966 0.99999999700000008485 
0.00000000099999999968 0.00000000099999999968 0.00000000099999999968 0.99999999699999997382 
0.00000000099999999967 0.00000000099999999967 0.00000000099999999967 0.99999999700000008485 
0.00000000099999999965 0.00000000099999999965 0.00000000099999999965 0.99999999700000008485 
0.00000000099999999968 0.00000000099999999968 0.00000000099999999968 0.99999999699999997382 
0.00000000099999999967 0.00000000099999999967 0.00000000099999999967 0.99999999699999997382 
0.00000000099999999968 0.00000000099999999968 0.00000000099999999968 0.99999999699999997382 
0.00000000099999999973 0.00000000099999999973 0.00000000099999999973 0.99999999700000008485 
0.00000000099999999971 0.00000000099999999971 0.00000000099999999971 0.99999999700000008485 
0.00000000099999999970 0.00000000099999999970 0.00000000099999999970 0.99999999700000008485 
0.69058707133167662739 0.30941292666832354019 0.00000000099999999987 0.00000000099999999987 
0.99999999699999997382 0.00000000099999999984 0.00000000099999999984 0.00000000099999999984 
0.57708311293050928992 0.42291688506949082216 0.00000000099999999989 0.00000000099999999989 
0.72455059281831668550 0.27544940518168331556 0.00000000099999999987 0.00000000099999999987 
0.99999999700000008485 0.00000000099999999978 0.00000000099999999978 0.00000000099999999978 
0.57595976489857780845 0.42404023310142219261 0.00000000099999999987 0.00000000099999999987 
0.66944451617943534494 0.33055548182056476714 0.00000000099999999988 0.00000000099999999988 
0.99999999699999997382 0.00000000099999999982 0.00000000099999999982 0.00000000099999999982 
0.77252700702496601703 0.22747299097503401177 0.00000000099999999987 0.00000000099999999987 
0.00000000099999999971 0.00000000099999999971 0.00000000099999999971 0.99999999700000008485 
